900459	381853
0	0
900460	78852.7
0	0
900462	54658.5
0	0
900654	110713
0	0
900651	293126
0	0
900991	58314.4
0	0
900990	357477
0	0
900838	287509
0	0
900841	15193.7
0	0
900840	37689.2
0	0
900961	198122
0	0
900960	233676
0	0
901190	13650.2
0	0
901189	81053.3
0	0
901188	356148
0	0
901360	10308.4
0	0
901566	297287
0	0
901568	44387.8
0	0
901569	39946.9
0	0
901571	63317.3
0	0
901577	6273.67
0	0
901574	45967.3
0	0
901767	87838.1
0	0
902065	108425
0	0
902066	32742.6
0	0
902067	22265
0	0
901766	134226
0	0
902068	299138
0	0
901764	375026
0	0
901765	21614.7
0	0
902223	4902.9
0	0
902401	227389
0	0
902760	134006
0	0
902757	381932
0	0
902758	47584.3
0	0
902759	21278.9
0	0
902761	166.97
0	0
902970	205836
0	0
902950	1646.1
0	0
903093	117959
0	0
903086	364094
0	0
903089	90473.1
0	0
903090	55140.3
0	0
903087	32811.1
0	0
903088	9052.68
0	0
903240	1479.72
0	0
903423	26625.5
0	0
903413	175393
0	0
903414	60127.2
0	0
903415	93787.6
0	0
903416	63204.8
0	0
903701	329600
0	0
903702	22345.7
0	0
903703	15584.4
0	0
904202	74249.8
0	0
904201	349915
0	0
904121	151951
0	0
904122	1699.2
0	0
904039	10578.9
0	0
904037	197114
0	0
904415	79743.5
0	0
904414	116484
0	0
904346	6796.8
0	0
904550	82129
0	0
904549	184153
0	0
904617	101046
0	0
904616	118734
0	0
904924	105551
0	0
904923	314668
0	0
904925	20695.4
0	0
904929	703.28
0	0
904724	134620
0	0
904725	16019.7
0	0
904803	31334.4
0	0
905058	268451
0	0
905114	178022
0	0
905078	59418.1
0	0
905077	253610
0	0
905115	49282.5
0	0
905079	60641.3
0	0
905301	444790
0	0
905303	5680.52
0	0
905304	16980.2
0	0
905346	154628
0	0
905296	58408.5
0	0
905295	572785
0	0
905305	232272
0	0
905347	95541.8
0	0
905241	456089
0	0
905472	5097.6
0	0
905471	104600
0	0
905467	164713
0	0
905473	16980.2
0	0
905476	10216.4
0	0
905644	251752
0	0
905838	25470.3
0	0
905643	239823
0	0
906076	6455.71
0	0
906037	263.14
0	0
906035	9396.34
0	0
906032	175943
0	0
906002	242729
0	0
906024	173103
0	0
906030	35841.8
0	0
906077	16980.2
0	0
906337	185063
0	0
906336	272028
0	0
906338	75217.9
0	0
906216	10959.8
906204	168618
0	0
906205	43383.4
0	0
0	0
906680	526.28
906675	27722.4
0	0
906671	434881
0	0
906682	84830.3
0	0
0	0
907124	50195.4
0	0
907123	303434
0	0
0	0
0	0
907122	50940.6
0	0
907303	33111.4
0	0
907121	199143
0	0
907151	6250.79
0	0
907152	16980.2
0	0
906861	212596
0	0
907304	239826
0	0
907369	517.61
0	0
906678	16725.7
907556	2821.79
0	0
907557	136818
0	0
907554	120663
0	0
907555	73089.2
0	0
0	0
907565	469562
0	0
907566	43769.3
907567	5276.96
0	0
0	0
907753	37514.2
0	0
907752	23056.5
0	0
907751	38173
0	0
907750	228270
0	0
907754	271483
0	0
908111	4726.3
0	0
908112	130179
0	0
908110	20614.7
0	0
908109	4886.14
0	0
908101	191598
908114	15287.3
0	0
908106	19785.1
0	0
0	0
908634	16131.2
0	0
908636	16794.9
0	0
908721	7438.25
0	0
908718	8099.52
0	0
908717	519265
0	0
908664	10987
0	0
908638	242536
0	0
908629	156357
0	0
908631	146651
0	0
908834	114828
0	0
908850	16980.2
0	0
908849	72377
0	0
908832	45686.1
0	0
908838	171899
0	0
908842	157412
0	0
909076	146801
0	0
909093	13721
0	0
909091	8956.06
909092	16131.2
0	0
909090	315498
0	0
909276	102759
0	0
909275	49739
0	0
909272	24418
0	0
909269	173232
0	0
0	0
909443	29978.6
0	0
909491	11015.2
0	0
909444	51039.5
0	0
909440	56011.7
909442	19905.2
0	0
909441	93197.7
0	0
0	0
909445	22043.6
0	0
909711	315859
0	0
909710	110084
0	0
909712	5150.76
0	0
909713	16956.6
0	0
909881	86708.1
0	0
909880	317135
0	0
910054	192298
0	0
910053	19974.9
0	0
910052	216768
0	0
910248	16956.6
0	0
910247	5016.77
0	0
910246	201406
0	0
910363	197261
0	0
910364	88301.4
0	0
910365	8462.96
0	0
910615	103735
0	0
910362	330405
0	0
910742	22896
910736	390261
0	0
0	0
0	0
0	0
910739	26327
0	0
910745	3072.72
0	0
910747	5310
0	0
910973	411246
0	0
910975	3280.4
0	0
910974	284337
0	0
911144	257560
0	0
911146	4842.72
0	0
911145	98016.7
0	0
911505	231939
0	0
911326	609110
0	0
911503	297622
0	0
911567	3430.26
0	0
911568	3430.26
0	0
911572	9752.7
0	0
911571	4552.44
0	0
911327	18946.1
0	0
911349	36228.4
0	0
911561	3067.06
0	0
911559	118044
0	0
911560	53509.8
0	0
911573	30521.9
911737	12596.2
0	0
0	0
911566	3391.32
0	0
911562	67826.4
0	0
911520	117647
0	0
911736	251001
0	0
911909	197071
0	0
911908	104125
0	0
911881	174257
0	0
911992	186208
0	0
911880	218766
0	0
911993	10289.1
0	0
912129	135843
0	0
911991	305365
0	0
912351	232810
912352	63409.2
0	0
912162	52468.3
0	0
0	0
912353	979.16
0	0
912135	186557
0	0
912139	183132
0	0
912374	97548.5
912526	101228
0	0
912377	143626
0	0
912330	12089.3
0	0
912329	70744.5
0	0
912376	5099.96
0	0
912546	5654.56
0	0
912548	3420.82
0	0
912547	8452.34
0	0
912549	12354.9
0	0
912375	77050.7
0	0
0	0
912697	3013.72
0	0
912691	52280.2
912689	168103
0	0
912698	4284.82
0	0
0	0
912692	21702.4
0	0
912897	180667
0	0
913030	5299.38
913031	3769.78
0	0
913028	153424
0	0
0	0
913133	168415
0	0
913152	16931.7
0	0
913122	201068
0	0
913121	416753
0	0
913120	3823.2
0	0
913132	42770.8
0	0
913130	38710.9
0	0
0	0
0	0
913135	25511.4
0	0
913134	160337
0	0
913214	37560.3
0	0
913195	200375
0	0
913222	158096
0	0
913221	41919.5
0	0
913220	164216
0	0
913322	2279.76
913320	371705
0	0
0	0
913323	73381.9
0	0
913401	20339.4
0	0
913402	96913.9
0	0
913400	43569.4
0	0
913398	316753
0	0
913403	36718
0	0
913494	171046
0	0
913495	6919.14
0	0
913493	35500.2
0	0
913491	11349.8
0	0
913479	276806
913482	653.96
0	0
0	0
913481	32478.8
0	0
913608	46382.9
0	0
913490	169305
0	0
913604	516230
0	0
913605	4984.32
0	0
913607	42524.6
0	0
913551	226815
0	0
913609	244412
0	0
913570	14112.8
913606	111806
0	0
0	0
913553	46300.6
0	0
913736	257365
0	0
913888	48824.5
0	0
913887	194771
0	0
913880	288225
0	0
914050	37024.2
914048	196472
0	0
914054	5040.96
0	0
0	0
914051	37162.3
0	0
914018	396713
0	0
914201	7975.57
0	0
914166	266613
0	0
914168	160089
914210	34095.3
0	0
914205	150867
0	0
0	0
914237	3044.4
0	0
914202	138346
914203	13100.4
0	0
0	0
914375	76463.5
914380	31403.5
0	0
914382	54524.9
0	0
0	0
914373	236429
0	0
914374	90803
0	0
914388	5885.84
0	0
914521	396636
0	0
914522	63709.3
914559	165640
0	0
914564	43632.4
0	0
914563	25449.3
0	0
914562	41822.9
0	0
914561	94909.9
0	0
914560	59023.6
0	0
914566	256252
0	0
914565	416705
0	0
914567	7177
0	0
0	0
914523	62564.5
0	0
914211	175586
0	0
914695	155095
0	0
914970	34242.2
0	0
914967	88196.4
0	0
914965	47163.4
0	0
914966	105806
914973	96751.9
914974	50142.1
0	0
0	0
914972	6993.91
0	0
914991	17282.2
914992	47698
0	0
914979	15260.9
0	0
914976	51964.6
0	0
914988	10131.5
0	0
914978	4889.73
0	0
0	0
915027	5040.96
0	0
914990	4537.81
0	0
914989	6213.17
0	0
0	0
915139	5721.49
0	0
915138	309874
0	0
915289	193943
0	0
915306	158340
0	0
915310	77439
0	0
915309	11149
0	0
915308	24058.4
0	0
915307	120790
0	0
915416	74914
915417	73425.4
0	0
915415	102013
0	0
0	0
915414	30107.9
0	0
915413	162600
0	0
915395	225017
0	0
915305	11972.3
0	0
915304	212064
0	0
915404	1221.58
0	0
915407	888.59
915633	3393.64
0	0
915283	451.08
0	0
915578	5040.96
915437	48867.1
915409	2337.44
0	0
915405	3472.59
0	0
915439	80362
0	0
0	0
0	0
0	0
915387	1033.34
0	0
915280	373.63
0	0
915281	246.02
0	0
915282	320.89
915438	244598
0	0
915440	18903.6
0	0
915575	112566
0	0
915577	25066.7
0	0
915576	44853.1
0	0
915579	55818.5
0	0
0	0
915560	53361.6
915781	8491.26
0	0
915782	3303.68
0	0
0	0
915880	99669.2
915881	4139.09
915882	28985.5
915727	21402
0	0
0	0
0	0
0	0
916034	253611
0	0
916168	197737
0	0
916169	42679.9
0	0
0	0
0	0
916170	17643.4
0	0
916343	512742
0	0
916344	203424
0	0
916471	60788.9
0	0
916396	6305.92
0	0
916470	3194.94
0	0
916469	1505.54
0	0
916808	208421
0	0
916810	12602.4
0	0
916645	114724
0	0
917027	2959.44
917001	427197
917343	42191.9
917342	223619
917348	6098.24
917276	15674.1
0	0
917344	12602.4
917346	12664.3
917347	14352.9
917345	4686.96
917486	76005.9
917490	7393.92
917522	7680
917493	411724
917862	339236
917863	555232
0	0
917834	289044
917843	44772.3
917845	33710.1
917839	130875
0	0
918015	52346
918017	23640.1
918021	22634.8
918000	347360
918010	9373.92
918007	107051
918195	36123.9
918194	168129
918369	84147.2
918368	364299
918427	294029
918584	218867
918776	259675
918777	3905.8
918830	133364
918775	123199
919037	120179
918993	8202.18
918994	17730.1
918995	32927.3
918996	13508.6
918997	21027.6
918992	48761.2
919173	23404.1
919376	76010.8
919375	32363.2
919371	32697.8
919373	61006.4
919374	42475.8
919372	37537.6
919369	146637
919370	43676.2
919586	15290.9
919584	1641.11
919559	166701
919560	46065.4
919561	131994
919545	794536
919583	161171
919585	115172
919692	30394.4
919693	54034.6
919690	295973
919691	96727
919859	153322
919860	35481.4
920100	99128.3
920099	305187
920271	13968.2
920266	212118
920270	93152.3
920242	205455
920252	1689.6
920254	563.2
920253	5068.8
920244	17753.6
920245	19700.7
920243	107067
920325	2740.84
920323	139603
920313	39795.3
920319	15856.4
920315	40198.7
920321	4034.18
920320	14900.7
920316	20820.7
920317	565.27
920318	3777.51
920312	26054.3
920314	2090.16
920324	58932.2
920269	8442.9
920268	8442.9
920494	35581
920488	215618
190008	7540
0	0
920601	246279
920603	13727.9
920602	31140.6
920495	9600
920792	43903.1
920795	21951.5
920726	31236.6
920724	143457
920727	52652.9
920791	310513
920796	18036.7
920794	25233.1
920734	13440
920754	186921
920924	46556.9
920921	179304
920922	40944.8
920923	54034.6
921166	13991.2
921169	17126.4
921167	249622
920738	80574.6
920718	352455
920736	19057.7
920740	10937
921165	130371
921172	305552
921155	239800
921156	26414.8
921161	54794.3
921162	10439.3
921164	23110.3
921337	233191
921448	1378.48
0	0
921445	131809
921750	16885.8
0	0
921751	228887
921753	24320
921743	129493
921744	41118.8
921745	2109.13
921747	15045.5
921752	258739
921748	55109.9
921749	79051
0	0
0	0
0	0
0	0
0	0
0	0
921902	147230
921852	124063
921901	39974.4
0	0
922042	58561.9
922043	7968
922040	330497
922035	52346
922041	371920
0	0
0	0
922038	12697.5
922027	176718
922036	69391.1
922032	14850.9
922034	19252.9
922029	92347
922030	318.88
922031	2551.07
922033	5320.9
0	0
0	0
0	0
0	0
0	0
0	0
0	0
0	0
0	0
0	0
0	0
0	0
922144	22514.4
921139	27321.8
922142	909496
0	0
922293	9444.72
0	0
922594	1913.37
922592	10358
922591	5770.79
922590	5468.12
922588	19115.4
922596	128460
922587	167569
0	0
0	0
0	0
0	0
0	0
922595	32110.2
922610	13371.4
0	0
0	0
0	0
0	0
922704	3403.12
0	0
922861	2685.75
922862	2385.96
922863	10936.2
922607	415135
922609	91241
0	0
0	0
0	0
923092	481952
923094	68685.1
923105	66699.9
923093	412920
923121	2880
0	0
0	0
0	0
0	0
923279	70629
923294	1964.7
923280	51907.1
923281	394577
0	0
0	0
0	0
0	0
923423	4386.06
923283	261827
923284	92872.4
0	0
0	0
0	0
923422	8202.18
0	0
923575	339932
0	0
923712	2343.48
0	0
923856	15197.2
923739	2121.88
923855	95075.8
0	0
0	0
0	0
923995	1.0974e+006
923958	7147.61
0	0
0	0
924162	54034.6
924160	9307.72
924161	16885.8
0	0
924159	2734.18
0	0
0	0
0	0
924223	45640
924225	5501.16
924215	444248
924214	23204.9
924218	6275.2
924212	261511
924205	1.11473e+006
924222	126985
0	0
0	0
0	0
0	0
0	0
0	0
0	0
0	0
0	0
0	0
924362	106356
0	0
924396	50366.8
924361	301543
0	0
0	0
0	0
0	0
924505	36167.5
924504	159485
924506	2711.29
924503	13508.6
0	0
0	0
0	0
0	0
924678	97144.3
924679	735703
0	0
924682	28672
924680	33203.2
924677	22094.8
0	0
0	0
0	0
0	0
924800	11159.8
0	0
924801	37434.3
0	0
924978	15959.7
924993	13999.5
924992	5927.14
924986	120325
0	0
924987	78711.4
924994	16720.7
0	0
0	0
0	0
0	0
924977	450882
924981	143228
0	0
0	0
0	0
925283	6308.28
925284	75986.1
925282	7428.69
0	0
0	0
0	0
925463	59100.3
925464	92100.9
925465	210276
925466	13037.1
925481	52417.7
925479	71636.9
925480	487334
925462	42826.5
925461	14883.9
925459	140315
925458	357047
0	0
0	0
0	0
0	0
0	0
0	0
0	0
0	0
0	0
0	0
0	0
925476	807505
0	0
